0.1,0.106,0.366,0.428
0.127,0.076,0.263,0.534
0.111,0.082,0.309,0.498
0.124,0.065,0.242,0.569
0.101,0.077,0.344,0.477
0.017,0.085,0.823,0.076
0.042,0.078,0.706,0.174
0.072,0.068,0.574,0.285
0.09,0.064,0.481,0.366
0.073,0.073,0.483,0.37
0.025,0.136,0.757,0.082
0.027,0.161,0.747,0.065
0.046,0.135,0.705,0.114
0.034,0.155,0.708,0.103
0.072,0.135,0.603,0.189
0.112,0.109,0.514,0.265
0.166,0.083,0.402,0.348
0.09,0.107,0.473,0.331
0.109,0.088,0.422,0.382
0.158,0.064,0.305,0.472
0.201,0.048,0.217,0.534
0.177,0.048,0.232,0.543
0.204,0.038,0.184,0.574
0.227,0.032,0.14,0.601
0.216,0.032,0.144,0.608
0.139,0.044,0.183,0.633
0.153,0.037,0.158,0.653
0.159,0.032,0.129,0.68
0.05,0.087,0.31,0.553
0.054,0.085,0.289,0.572
0.077,0.062,0.209,0.651
0.088,0.05,0.165,0.696
0.103,0.039,0.127,0.731
0.071,0.052,0.155,0.722
0.089,0.038,0.122,0.751
0.109,0.028,0.095,0.768
0.127,0.023,0.079,0.771
0.14,0.021,0.071,0.768
0.112,0.026,0.084,0.779
0.128,0.022,0.073,0.777
0.104,0.025,0.102,0.769
0.12,0.021,0.083,0.775
0.139,0.018,0.074,0.769
0.132,0.02,0.075,0.773
0.106,0.025,0.088,0.782
0.124,0.02,0.075,0.781
0.142,0.017,0.069,0.772
0.161,0.016,0.066,0.758
0.177,0.015,0.065,0.743
0.192,0.014,0.066,0.727
0.156,0.019,0.082,0.743
0.156,0.019,0.08,0.746
0.135,0.019,0.103,0.744
0.15,0.016,0.092,0.743
0.163,0.015,0.082,0.741
0.177,0.014,0.076,0.733
0.199,0.012,0.073,0.716
0.221,0.011,0.073,0.695
0.227,0.012,0.075,0.686
0.233,0.012,0.077,0.677
0.141,0.015,0.152,0.692
0.16,0.013,0.118,0.709
0.182,0.012,0.096,0.71
0.15,0.016,0.107,0.727
0.087,0.029,0.157,0.727
0.062,0.023,0.229,0.685
0.06,0.017,0.244,0.679
0.08,0.014,0.173,0.734
0.097,0.011,0.133,0.759
0.098,0.012,0.115,0.775
0.103,0.01,0.109,0.778
0.109,0.01,0.094,0.787
0.125,0.009,0.081,0.785
0.138,0.008,0.078,0.776
0.14,0.007,0.084,0.768
0.134,0.009,0.085,0.772
0.147,0.008,0.078,0.767
0.134,0.007,0.095,0.764
0.049,0.025,0.22,0.705
0.065,0.018,0.159,0.758
0.041,0.013,0.275,0.671
0.049,0.01,0.243,0.698
0.055,0.012,0.196,0.737
0.07,0.009,0.143,0.777
0.048,0.017,0.175,0.76
0.03,0.012,0.333,0.624
0.028,0.011,0.508,0.454
0.046,0.014,0.394,0.546
0.054,0.011,0.366,0.569
0.076,0.009,0.271,0.644
0.081,0.008,0.242,0.669
0.031,0.038,0.625,0.306
0.062,0.025,0.503,0.41
0.045,0.048,0.582,0.325
0.045,0.022,0.653,0.28
0.047,0.015,0.679,0.26
0.035,0.013,0.783,0.169
0.053,0.013,0.729,0.205
0.082,0.013,0.63,0.275
0.131,0.013,0.48,0.375
0.069,0.012,0.621,0.299
0.091,0.017,0.51,0.382
0.135,0.015,0.369,0.481
0.108,0.023,0.362,0.507
0.145,0.016,0.256,0.583
0.172,0.009,0.196,0.623
0.202,0.007,0.145,0.645
0.178,0.005,0.16,0.657
0.168,0.007,0.143,0.682
0.185,0.005,0.12,0.69
0.162,0.007,0.121,0.71
0.18,0.006,0.1,0.714
0.181,0.006,0.094,0.719
0.202,0.005,0.085,0.708
0.126,0.005,0.151,0.719
0.146,0.004,0.118,0.731
0.16,0.004,0.105,0.732
0.064,0.006,0.258,0.673
0.023,0.01,0.702,0.265
0.032,0.012,0.714,0.242
0.026,0.012,0.855,0.107
0.063,0.019,0.721,0.198
0.033,0.044,0.819,0.104
0.036,0.02,0.83,0.114
0.069,0.018,0.723,0.19
0.054,0.035,0.716,0.195
0.095,0.024,0.594,0.287
0.099,0.015,0.558,0.327
0.144,0.016,0.415,0.425
0.149,0.019,0.344,0.487
0.115,0.029,0.344,0.511
0.13,0.028,0.272,0.57
0.096,0.041,0.288,0.574
0.129,0.022,0.209,0.64
0.158,0.013,0.153,0.675
0.105,0.008,0.22,0.667
0.092,0.011,0.202,0.695
0.091,0.012,0.172,0.725
0.053,0.008,0.267,0.672
0.066,0.008,0.196,0.73
0.045,0.007,0.262,0.686
0.027,0.039,0.795,0.14
0.025,0.016,0.859,0.1
0.058,0.018,0.736,0.187
0.06,0.031,0.681,0.228
0.085,0.036,0.571,0.308
0.112,0.038,0.461,0.389
0.092,0.018,0.49,0.4
0.081,0.028,0.458,0.434
0.045,0.015,0.589,0.351
0.076,0.014,0.44,0.47
0.07,0.022,0.401,0.507
0.086,0.022,0.311,0.581
0.081,0.026,0.276,0.617
0.094,0.023,0.214,0.669
0.093,0.023,0.186,0.699
0.115,0.013,0.139,0.733
0.135,0.007,0.113,0.745
0.086,0.013,0.147,0.754
0.048,0.027,0.205,0.72
0.062,0.013,0.158,0.766
0.059,0.007,0.161,0.774
0.022,0.029,0.38,0.569
0.035,0.016,0.291,0.658
0.043,0.009,0.243,0.705
0.026,0.047,0.841,0.087
0.061,0.034,0.733,0.173
0.102,0.035,0.593,0.27
0.04,0.073,0.716,0.172
0.081,0.066,0.585,0.268
0.135,0.041,0.449,0.374
0.193,0.026,0.321,0.46
0.037,0.014,0.663,0.287
0.045,0.013,0.597,0.345
0.07,0.015,0.457,0.458
0.046,0.029,0.488,0.437
0.061,0.016,0.404,0.519
0.049,0.01,0.423,0.519
0.038,0.019,0.424,0.519
0.029,0.038,0.482,0.452
0.05,0.029,0.356,0.565
0.073,0.019,0.254,0.655
0.074,0.019,0.212,0.695
0.051,0.009,0.257,0.683
0.062,0.009,0.191,0.739
0.078,0.006,0.142,0.775
0.094,0.004,0.112,0.79
0.066,0.007,0.13,0.797
0.08,0.004,0.106,0.81
0.095,0.003,0.091,0.811
0.11,0.003,0.083,0.805
0.067,0.005,0.114,0.813
0.07,0.003,0.108,0.819
0.065,0.003,0.111,0.821
0.074,0.002,0.099,0.825
0.021,0.009,0.21,0.759
0.02,0.012,0.198,0.769
0.026,0.007,0.156,0.812
0.031,0.004,0.128,0.837
0.024,0.003,0.144,0.829
0.014,0.007,0.19,0.789
0.018,0.005,0.147,0.83
0.021,0.005,0.123,0.852
0.02,0.005,0.116,0.858
0.025,0.003,0.099,0.873
0.029,0.003,0.09,0.878
0.027,0.004,0.094,0.876
0.023,0.005,0.101,0.871
0.019,0.003,0.116,0.863
0.021,0.002,0.105,0.872
0.025,0.002,0.092,0.881
0.023,0.003,0.095,0.879
0.011,0.002,0.15,0.837
0.013,0.002,0.12,0.864
0.007,0.002,0.17,0.821
0.007,0.004,0.161,0.828
0.008,0.003,0.132,0.857
0.003,0.006,0.48,0.511
0.004,0.007,0.45,0.539
0.007,0.011,0.371,0.611
0.009,0.016,0.326,0.649
0.014,0.009,0.24,0.737
0.016,0.005,0.188,0.791
0.013,0.008,0.188,0.791
0.013,0.004,0.167,0.816
0.014,0.003,0.136,0.847
0.009,0.002,0.15,0.838
0.012,0.002,0.118,0.868
0.012,0.003,0.113,0.873
0.014,0.002,0.097,0.887
0.014,0.002,0.1,0.884
0.013,0.003,0.102,0.882
0.011,0.002,0.106,0.881
0.008,0.001,0.117,0.874
0.01,0.001,0.099,0.89
0.007,0.003,0.118,0.872
0.009,0.002,0.1,0.888
0.009,0.001,0.098,0.891
0.009,0.002,0.102,0.887
0.006,0.004,0.134,0.856
0.006,0.005,0.132,0.857
0.001,0.004,0.242,0.753
0.002,0.003,0.176,0.819
0.003,0.003,0.134,0.86
0.005,0.002,0.11,0.883
0.004,0.002,0.115,0.879
0.005,0.002,0.105,0.889
0.002,0.002,0.166,0.831
0.001,0.002,0.162,0.835
0.001,0.003,0.219,0.778
0.001,0.003,0.164,0.832
0.002,0.003,0.127,0.869
0.002,0.002,0.115,0.882
0.003,0.002,0.099,0.896
0.003,0.001,0.095,0.901
0.004,0.001,0.087,0.908
0.003,0.001,0.104,0.893
0.002,0.001,0.105,0.891
0.003,0.001,0.092,0.903
0,0.003,0.234,0.762
0,0.003,0.203,0.794
0,0.003,0.201,0.796
0.001,0.004,0.164,0.832
0.002,0.01,0.234,0.754
0.004,0.007,0.174,0.815
0.005,0.009,0.17,0.815
0.007,0.005,0.131,0.856
0.009,0.005,0.118,0.868
0.012,0.003,0.1,0.885
0.013,0.002,0.095,0.89
0.018,0.001,0.086,0.895
0.006,0.002,0.138,0.854
0.003,0.002,0.161,0.834
0.004,0.002,0.128,0.865
0.004,0.004,0.13,0.862
0.005,0.004,0.12,0.87
0.006,0.004,0.116,0.874
0.008,0.002,0.1,0.89
0.005,0.005,0.137,0.853
0.007,0.004,0.116,0.873
0.005,0.009,0.172,0.814
0.007,0.006,0.133,0.854
0.006,0.024,0.311,0.659
0.011,0.023,0.254,0.712
0.017,0.015,0.189,0.778
0.023,0.007,0.146,0.825
0.006,0.004,0.231,0.759
0.004,0.028,0.736,0.232
0.01,0.047,0.694,0.249
0.013,0.022,0.615,0.35
0.023,0.023,0.485,0.469
0.02,0.011,0.424,0.544
0.029,0.008,0.307,0.655
0.01,0.006,0.376,0.609
0.012,0.008,0.298,0.682
0.006,0.006,0.328,0.661
0.004,0.014,0.389,0.593
0.008,0.012,0.283,0.697
0.011,0.006,0.214,0.769
0.014,0.004,0.159,0.823
0.009,0.003,0.165,0.823
0.008,0.005,0.174,0.813
0.01,0.003,0.137,0.85
0.013,0.002,0.111,0.874
0.017,0.002,0.095,0.886
0.02,0.001,0.089,0.891
0.017,0.001,0.094,0.888
0.02,0.001,0.088,0.891
0.025,0.001,0.082,0.892
0.004,0.007,0.236,0.752
0.006,0.008,0.194,0.792
0.009,0.006,0.148,0.838
0.012,0.004,0.119,0.865
0.01,0.006,0.136,0.848
0.007,0.032,0.397,0.564
0.003,0.012,0.47,0.515
0.005,0.008,0.362,0.625
0.008,0.007,0.26,0.724
0.001,0.006,0.434,0.558
0.003,0.009,0.336,0.653
0.005,0.009,0.253,0.733
0.006,0.005,0.192,0.797
0.009,0.004,0.144,0.844
0.012,0.002,0.114,0.871
0.01,0.004,0.127,0.859
0.009,0.002,0.122,0.867
0.01,0.003,0.118,0.87
0.013,0.002,0.099,0.886
0.015,0.002,0.097,0.886
0.019,0.002,0.087,0.892
0.013,0.001,0.103,0.883
0.006,0.004,0.156,0.834
0.007,0.005,0.143,0.845
0,0.007,0.512,0.481
0.001,0.007,0.402,0.59
0.002,0.007,0.287,0.705
0.002,0.005,0.268,0.726
0.003,0.005,0.2,0.793
0.003,0.003,0.179,0.815
0.004,0.003,0.141,0.853
0.003,0.002,0.15,0.845
0.004,0.002,0.122,0.872
0.005,0.002,0.109,0.884
0.005,0.002,0.098,0.895
0.007,0.001,0.089,0.903
0.002,0.006,0.195,0.797
0.004,0.005,0.151,0.84
0.005,0.003,0.119,0.872
0.007,0.002,0.1,0.89
0.009,0.001,0.09,0.899
0.001,0.003,0.249,0.747
0.001,0.003,0.233,0.763
0.001,0.003,0.17,0.825
0.002,0.003,0.141,0.854
0.003,0.002,0.114,0.881
0.004,0.002,0.097,0.897
0.003,0.003,0.12,0.874
0.005,0.002,0.101,0.893
0.004,0.003,0.111,0.881
0.004,0.002,0.105,0.889
0.006,0.002,0.092,0.9
0.006,0.001,0.095,0.898
0.004,0.001,0.11,0.885
0.003,0.001,0.111,0.884
0.003,0.001,0.108,0.887
0.004,0.001,0.094,0.901
0.004,0.001,0.091,0.904
0.006,0.001,0.087,0.907
0.007,0.001,0.082,0.91
0.009,0.001,0.082,0.908
0.011,0.001,0.079,0.909
0.013,0.001,0.082,0.904
0.002,0.002,0.176,0.82
0.003,0.003,0.159,0.835
0.003,0.004,0.142,0.851
0.003,0.007,0.168,0.821
0.005,0.004,0.131,0.86
0.006,0.002,0.109,0.883
0.005,0.004,0.133,0.858
0.005,0.002,0.116,0.877
0.005,0.002,0.109,0.884
0.007,0.001,0.096,0.896
0.008,0.001,0.089,0.902
0.01,0.001,0.084,0.904
0.009,0.001,0.09,0.9
0.011,0.001,0.084,0.904
0.011,0.002,0.094,0.893
0.013,0.001,0.087,0.899
0.017,0.001,0.082,0.9
0.014,0.002,0.097,0.887
0.017,0.002,0.092,0.889
0.013,0.001,0.102,0.884
0.017,0.001,0.089,0.892
0.019,0.002,0.09,0.889
0.02,0.001,0.088,0.89
0.025,0.001,0.082,0.892
0.015,0.001,0.105,0.879
0.002,0.009,0.342,0.646
0,0.011,0.9,0.089
0.001,0.015,0.777,0.207
0.005,0.033,0.794,0.167
0.014,0.029,0.654,0.303
0.006,0.013,0.665,0.316
0.012,0.013,0.51,0.465
0.013,0.021,0.459,0.508
0.022,0.014,0.33,0.635
0.018,0.007,0.287,0.688
0.022,0.004,0.215,0.758
0.03,0.003,0.158,0.81
0.038,0.002,0.122,0.838
0.015,0.002,0.169,0.814
0.014,0.003,0.157,0.825
0.019,0.003,0.122,0.857
0.025,0.002,0.103,0.87
0.032,0.002,0.09,0.876
0.041,0.001,0.082,0.876
0.036,0.001,0.089,0.874
0.026,0.002,0.111,0.861
0.03,0.001,0.098,0.871
0.022,0.001,0.108,0.868
0.028,0.001,0.093,0.878
0.009,0.005,0.182,0.805
0.011,0.003,0.142,0.845
0.011,0.002,0.126,0.861
0.003,0.009,0.262,0.726
0.002,0.005,0.301,0.692
0.003,0.005,0.22,0.772
0.003,0.011,0.253,0.734
0.006,0.009,0.191,0.794
0.007,0.004,0.15,0.838
0.01,0.003,0.118,0.869
0.013,0.002,0.1,0.885
0.005,0.002,0.143,0.85
0.007,0.002,0.114,0.877
0.009,0.002,0.097,0.892
0.005,0.001,0.127,0.867
0.002,0.011,0.377,0.611
0.004,0.009,0.269,0.718
0.004,0.005,0.218,0.773
0.005,0.007,0.203,0.786
0.007,0.004,0.15,0.838
0.009,0.004,0.127,0.86
0.004,0.013,0.234,0.748
0.007,0.018,0.232,0.743
0.011,0.01,0.17,0.808
0.016,0.007,0.132,0.845
0.005,0.003,0.195,0.797
0.007,0.003,0.145,0.845
0.009,0.002,0.117,0.872
0.01,0.003,0.114,0.874
0.012,0.002,0.098,0.888
0.016,0.001,0.088,0.894
0.017,0.001,0.087,0.895
0.019,0.001,0.089,0.891
0.003,0.011,0.321,0.665
0.003,0.006,0.273,0.718
0.004,0.004,0.208,0.784
0.006,0.004,0.161,0.829
0.007,0.002,0.133,0.858
0.008,0.002,0.112,0.878
0.01,0.002,0.098,0.89
0.013,0.002,0.089,0.896
0.003,0.011,0.293,0.694
0.004,0.006,0.229,0.761
0.004,0.003,0.187,0.806
0.003,0.008,0.221,0.768
0.005,0.007,0.18,0.808
0.007,0.004,0.136,0.852
0.005,0.008,0.175,0.812
0.006,0.011,0.173,0.81
0.008,0.011,0.156,0.826
0.004,0.004,0.19,0.802
0.006,0.004,0.145,0.846
0.008,0.003,0.115,0.875
0.007,0.002,0.113,0.878
0.009,0.002,0.103,0.886
0.004,0.002,0.142,0.852
0.003,0.004,0.169,0.824
0.002,0.003,0.179,0.816
0.003,0.003,0.141,0.854
0.002,0.008,0.217,0.773
0.004,0.005,0.161,0.831
0.003,0.01,0.207,0.78
0.005,0.009,0.169,0.816
0.011,0.057,0.635,0.297
0.011,0.022,0.586,0.381
0.013,0.034,0.542,0.411
0.025,0.029,0.415,0.53
0.038,0.024,0.311,0.627
0.051,0.02,0.237,0.693
0.061,0.017,0.189,0.733
0.084,0.01,0.139,0.767
0.092,0.009,0.122,0.777
0.105,0.004,0.102,0.789
0.055,0.008,0.149,0.789
0.074,0.005,0.114,0.808
0.086,0.002,0.096,0.815
0.005,0.004,0.315,0.676
0.007,0.004,0.229,0.76
0.01,0.003,0.166,0.82
0.014,0.003,0.127,0.856
0.014,0.002,0.117,0.868
0.013,0.001,0.111,0.875
0.009,0.001,0.122,0.868
0.01,0.002,0.109,0.879
0.005,0.005,0.16,0.829
0.007,0.003,0.129,0.861
0.003,0.015,0.331,0.652
0.005,0.008,0.238,0.748
0.008,0.005,0.174,0.813
0.01,0.005,0.145,0.84
0.013,0.004,0.122,0.861
0.009,0.007,0.146,0.837
0.013,0.004,0.116,0.867
0.017,0.002,0.098,0.883
0.02,0.001,0.089,0.889
0.003,0.024,0.808,0.165
0.002,0.014,0.765,0.219
0.005,0.014,0.619,0.362
0.006,0.033,0.709,0.252
0.015,0.033,0.573,0.379
0.003,0.012,0.69,0.295
0.005,0.032,0.802,0.161
0.011,0.051,0.737,0.2
0,0.012,0.871,0.116
0.003,0.017,0.738,0.242
0.006,0.029,0.677,0.287
0.001,0.011,0.817,0.171
0.003,0.016,0.678,0.303
0.004,0.012,0.568,0.416
0.004,0.008,0.494,0.493
0.004,0.024,0.636,0.336
0.01,0.021,0.488,0.48
0.006,0.036,0.873,0.086
0.008,0.02,0.79,0.182
0.008,0.041,0.793,0.159
0.001,0.012,0.866,0.122
0.002,0.013,0.75,0.236
0.005,0.03,0.807,0.158
0.01,0.02,0.688,0.282
0.019,0.016,0.538,0.428
0.031,0.012,0.392,0.565
0.029,0.007,0.327,0.638
0.039,0.005,0.234,0.722
0.045,0.005,0.186,0.763
0.061,0.003,0.136,0.8
0.065,0.004,0.121,0.81
0.056,0.005,0.126,0.814
0.007,0.004,0.273,0.716
0.002,0.004,0.341,0.652
0.003,0.004,0.249,0.744
0.005,0.004,0.191,0.8
0.006,0.003,0.149,0.842
0.008,0.003,0.121,0.869
0.009,0.002,0.105,0.884
0.005,0.004,0.145,0.846
0.007,0.003,0.121,0.869
0.009,0.003,0.105,0.883
0.002,0.002,0.196,0.8
0.003,0.002,0.148,0.847
0.002,0.002,0.15,0.846
0.001,0.002,0.183,0.814
0.001,0.005,0.214,0.78
0.001,0.003,0.208,0.788
0.002,0.004,0.181,0.813
0.002,0.005,0.159,0.834
0.002,0.003,0.162,0.834
0.001,0.002,0.185,0.812
0.002,0.003,0.155,0.841
0,0.003,0.246,0.751
0,0.003,0.241,0.756
0,0.005,0.468,0.527
0.001,0.006,0.338,0.655
0.001,0.005,0.251,0.743
0.003,0.014,0.376,0.607
0.005,0.016,0.312,0.666
0.008,0.008,0.237,0.747
0.007,0.013,0.255,0.725
0.011,0.007,0.184,0.798
0.014,0.004,0.14,0.841
0.018,0.002,0.115,0.865
0.02,0.002,0.105,0.872
0.008,0.002,0.149,0.841
0.01,0.002,0.123,0.865
0.008,0.003,0.131,0.857
0.011,0.002,0.106,0.88
0.009,0.003,0.122,0.866
0.009,0.002,0.112,0.877
0.011,0.002,0.101,0.886
0.015,0.001,0.089,0.895
0.019,0.001,0.082,0.897
0.022,0.001,0.083,0.893
0.017,0.001,0.094,0.888
0.006,0.001,0.147,0.846
0.007,0.001,0.116,0.875
0.008,0.001,0.105,0.886
0.005,0.001,0.121,0.873
0.007,0.001,0.1,0.892
0.009,0.001,0.091,0.899
0.011,0.001,0.084,0.904
0.014,0.001,0.079,0.906
0.015,0.001,0.085,0.899
0.014,0.001,0.09,0.895
0.017,0.001,0.082,0.899
0.018,0.001,0.084,0.897
0.006,0.001,0.129,0.863
0.001,0.003,0.269,0.727
0,0.003,0.298,0.698
0.001,0.003,0.239,0.757
0.001,0.005,0.202,0.792
0.002,0.003,0.163,0.832
0.003,0.003,0.129,0.866
0.004,0.002,0.106,0.889
0.005,0.001,0.094,0.9
0.004,0.001,0.095,0.9
0.005,0.001,0.094,0.9
0.005,0.001,0.094,0.9
0.006,0.001,0.091,0.902
0.008,0.001,0.084,0.907
0.01,0.001,0.082,0.907
0.011,0.001,0.084,0.904
0.006,0.001,0.107,0.885
0.008,0.001,0.093,0.898
0.011,0.001,0.085,0.903
0.01,0.002,0.096,0.892
0.003,0.007,0.202,0.788
0.005,0.008,0.177,0.811
0.003,0.003,0.182,0.812
0.005,0.003,0.14,0.852
0.004,0.002,0.129,0.865
0.005,0.001,0.109,0.885
0.005,0.001,0.104,0.89
0.005,0.001,0.097,0.897
0.006,0.001,0.09,0.902
0.008,0.001,0.084,0.907
0.01,0.001,0.08,0.91
0.004,0.001,0.116,0.879
0.006,0.001,0.098,0.895
0.005,0.001,0.102,0.892
0.002,0.005,0.197,0.797
0.003,0.003,0.149,0.846
0.003,0.004,0.139,0.855
0.004,0.002,0.112,0.882
0.005,0.003,0.112,0.88
0.003,0.007,0.161,0.829
0.005,0.006,0.134,0.856
0,0.005,0.468,0.526
0.001,0.006,0.34,0.653
0.001,0.004,0.314,0.681
0.001,0.004,0.23,0.765
0.002,0.01,0.315,0.672
0.004,0.007,0.224,0.765
0.002,0.004,0.242,0.752
0.004,0.003,0.174,0.819
0.004,0.027,0.803,0.166
0.005,0.015,0.722,0.258
0.01,0.02,0.595,0.376
0.009,0.046,0.731,0.214
0.012,0.022,0.646,0.32
0.017,0.013,0.526,0.444
0.015,0.008,0.454,0.523
0.001,0.008,0.707,0.285
0.002,0.014,0.592,0.392
0.003,0.009,0.488,0.499
0.004,0.007,0.413,0.577
0.004,0.014,0.443,0.539
0.003,0.007,0.421,0.568
0.005,0.006,0.302,0.688
0,0.007,0.602,0.391
0.001,0.009,0.46,0.53
0.003,0.014,0.404,0.578
0.007,0.01,0.288,0.695
0.008,0.012,0.249,0.731
0.009,0.005,0.202,0.783
0.008,0.003,0.184,0.806
0.009,0.004,0.155,0.832
0.012,0.003,0.121,0.865
0,0.006,0.609,0.385
0.003,0.021,0.839,0.137
0.007,0.036,0.768,0.188
0.011,0.061,0.838,0.089
0.031,0.058,0.716,0.195
0.066,0.042,0.568,0.324
0.086,0.044,0.461,0.409
0.138,0.03,0.326,0.507
0.203,0.016,0.215,0.566
0.129,0.006,0.231,0.634
0.153,0.004,0.166,0.677
0.027,0.016,0.373,0.584
0.026,0.008,0.308,0.659
0.034,0.008,0.234,0.725
0.032,0.004,0.194,0.77
0.007,0.004,0.299,0.69
0.009,0.005,0.23,0.756
0.008,0.008,0.228,0.756
0,0.009,0.774,0.217
0.003,0.024,0.831,0.142
0.01,0.023,0.694,0.273
0.016,0.029,0.594,0.361
0.029,0.02,0.446,0.504
0.044,0.012,0.321,0.623
0.02,0.025,0.402,0.553
0.014,0.01,0.381,0.595
0.007,0.031,0.606,0.357
0.001,0.011,0.733,0.255
0.003,0.01,0.597,0.39
0.004,0.008,0.484,0.504
0.004,0.019,0.536,0.441
0.009,0.045,0.684,0.262
0.021,0.047,0.566,0.366
0.021,0.099,0.692,0.188
0.036,0.167,0.677,0.121
0.033,0.049,0.711,0.206
0,0.01,0.9,0.091
0,0.01,0.857,0.133
0.001,0.01,0.778,0.211
0.003,0.012,0.629,0.356
0.005,0.01,0.494,0.492
0.003,0.007,0.472,0.518
0.005,0.007,0.343,0.644
0.007,0.009,0.278,0.706
0.01,0.005,0.205,0.78
0.013,0.004,0.158,0.824
0.01,0.007,0.173,0.809
0.012,0.003,0.139,0.845
0.002,0.003,0.273,0.722
0.002,0.003,0.203,0.791
0.003,0.002,0.152,0.842
0.003,0.005,0.177,0.815
0.004,0.006,0.165,0.825
0.005,0.025,0.383,0.587
0,0.009,0.824,0.167
0.002,0.013,0.681,0.304
0.005,0.014,0.532,0.449
0.008,0.018,0.442,0.532
0.012,0.022,0.378,0.589
0.019,0.019,0.291,0.672
0.029,0.011,0.207,0.754
0.04,0.006,0.152,0.802
0.011,0.003,0.232,0.754
0.005,0.003,0.256,0.736
0.001,0.005,0.443,0.552
0.002,0.01,0.416,0.573
0.004,0.011,0.332,0.653
0.004,0.006,0.281,0.709
0.004,0.015,0.38,0.601
0.001,0.007,0.457,0.534
0.003,0.009,0.364,0.624
0.004,0.005,0.285,0.706
0.006,0.005,0.211,0.778
0.001,0.005,0.411,0.584
0.002,0.005,0.296,0.697
0.003,0.009,0.279,0.709
0.004,0.006,0.2,0.79
0.003,0.003,0.193,0.801
0.004,0.002,0.153,0.841
0,0.004,0.362,0.634
0,0.007,0.685,0.308
0,0.008,0.596,0.395
0.002,0.008,0.446,0.544
0.004,0.01,0.34,0.646
0.002,0.005,0.34,0.653
0.001,0.005,0.429,0.566
0.002,0.014,0.516,0.468
0.005,0.013,0.387,0.594
0.007,0.007,0.302,0.684
0,0.008,0.695,0.297
0,0.008,0.652,0.34
0,0.009,0.794,0.197
0.001,0.012,0.9,0.087
0.003,0.021,0.796,0.18
0.006,0.014,0.687,0.293
0.009,0.021,0.595,0.375
0.003,0.01,0.638,0.349
0.001,0.008,0.686,0.305
0,0.008,0.747,0.244
0.002,0.016,0.667,0.314
0.006,0.013,0.516,0.465
0.006,0.008,0.439,0.547
0.006,0.015,0.448,0.531
0.01,0.016,0.35,0.625
0.011,0.024,0.35,0.615
0.008,0.009,0.327,0.656
0.012,0.008,0.244,0.736
0.011,0.012,0.241,0.736
0.011,0.005,0.2,0.784
0.016,0.004,0.15,0.83
0.021,0.002,0.117,0.859
0.001,0.004,0.354,0.642
0.002,0.004,0.257,0.737
0.003,0.013,0.377,0.607
0.009,0.047,0.737,0.207
0,0.009,0.902,0.089
0,0.01,0.836,0.154
0.002,0.014,0.697,0.288
0.005,0.025,0.659,0.311
0.01,0.016,0.519,0.455
0.01,0.028,0.528,0.434
0.014,0.042,0.5,0.444
0.027,0.027,0.368,0.577
0.043,0.019,0.265,0.673
0.062,0.009,0.188,0.741
0.018,0.004,0.264,0.714
0.007,0.004,0.31,0.68
0.007,0.006,0.263,0.724
0.01,0.006,0.209,0.775
0.014,0.004,0.155,0.827
0.01,0.008,0.181,0.802
0.006,0.024,0.326,0.644
0.013,0.067,0.524,0.395
0.028,0.073,0.442,0.457
0.046,0.069,0.357,0.528
0.057,0.078,0.312,0.553
0.082,0.068,0.248,0.603
0.123,0.034,0.178,0.665
0.169,0.02,0.129,0.682
0.145,0.025,0.136,0.695
0.195,0.013,0.101,0.692
0.254,0.006,0.076,0.663
0.321,0.004,0.06,0.615
0.365,0.002,0.052,0.581
0.073,0.001,0.159,0.767
0.007,0.007,0.367,0.619
0.009,0.004,0.28,0.707
0.003,0.002,0.313,0.682
0.001,0.002,0.376,0.621
0,0.002,0.355,0.643
0.001,0.003,0.266,0.73
0.001,0.005,0.203,0.791
0.003,0.004,0.151,0.843
0.004,0.004,0.124,0.868
0.003,0.008,0.143,0.846
0.001,0.001,0.182,0.816
0.001,0.001,0.14,0.857
0.002,0.001,0.112,0.885
0.001,0.001,0.167,0.832
0.001,0.001,0.145,0.854
0,0.003,0.224,0.774
0,0.003,0.639,0.358
0,0.006,0.495,0.499
0.001,0.008,0.374,0.617
0.003,0.006,0.265,0.726
0.002,0.014,0.323,0.66
0.002,0.003,0.273,0.722
0.002,0.007,0.309,0.683
0.003,0.009,0.237,0.751
0.004,0.018,0.229,0.749
0.008,0.017,0.171,0.805
0.011,0.005,0.137,0.847
0.002,0.001,0.23,0.767
0.001,0.002,0.232,0.764
0,0.001,0.33,0.669
0.001,0.002,0.25,0.747
0.001,0.001,0.198,0.8
0.001,0.001,0.157,0.842
0.001,0.001,0.125,0.874
0,0.001,0.25,0.749
0,0.003,0.329,0.667
0.001,0.006,0.28,0.712
0.002,0.011,0.237,0.75
0.001,0.001,0.246,0.752
0.002,0.001,0.193,0.805
0.002,0.001,0.144,0.853
0.001,0.003,0.166,0.83
0.002,0.001,0.128,0.868
0.002,0.002,0.12,0.875
0.002,0.001,0.132,0.866
0.001,0.001,0.184,0.815
0,0.001,0.233,0.766
0,0.002,0.192,0.806
0,0.001,0.159,0.84
0,0.002,0.151,0.847
0,0.001,0.142,0.857
0.001,0,0.123,0.876
0,0,0.154,0.845
0,0,0.134,0.865
0,0,0.123,0.876
0,0.001,0.102,0.897
0.001,0,0.091,0.908
0,0.001,0.118,0.881
0.001,0.002,0.13,0.867
0.001,0.002,0.107,0.89
0.002,0,0.096,0.902
0,0.001,0.332,0.667
0,0.001,0.237,0.762
0.001,0.003,0.273,0.723
0.002,0.005,0.215,0.778
0.002,0.001,0.164,0.833
0.003,0.001,0.127,0.869
0.003,0.001,0.122,0.874
0.003,0,0.119,0.878
0.004,0,0.102,0.894
0.005,0.001,0.092,0.902
0.003,0,0.111,0.885
0.003,0.001,0.107,0.888
0.004,0.001,0.098,0.897
0.004,0,0.102,0.894
0.003,0.001,0.117,0.88
0.003,0,0.11,0.887
0.004,0,0.094,0.902
0.001,0,0.199,0.799
0,0.001,0.513,0.486
0.001,0.005,0.494,0.5
0.003,0.007,0.376,0.614
0.006,0.015,0.31,0.669
0,0.002,0.777,0.221
0,0.002,0.685,0.313
0,0.002,0.542,0.456
0.001,0.004,0.423,0.572
0.002,0.003,0.303,0.691
0.001,0.001,0.278,0.72
0.002,0.001,0.202,0.795
0.001,0.001,0.247,0.752
0.001,0.001,0.195,0.803
0.001,0.001,0.157,0.84
0.001,0.001,0.209,0.79
0,0.002,0.484,0.514
0.001,0.006,0.435,0.558
0.004,0.011,0.338,0.647
0.006,0.003,0.244,0.747
0.009,0.002,0.176,0.813
0.012,0.001,0.141,0.847
0.013,0.001,0.121,0.865
0.017,0.001,0.104,0.878
0.011,0.003,0.121,0.865
0.013,0,0.109,0.877
0.013,0,0.109,0.878
0.016,0,0.098,0.886
0.017,0,0.094,0.888
0.018,0.001,0.094,0.887
0.023,0,0.087,0.889
0.022,0.001,0.092,0.885
0.011,0.002,0.125,0.862
0.014,0.001,0.105,0.88
0.014,0,0.105,0.88
0.005,0,0.169,0.825
0.007,0,0.13,0.863
0.009,0,0.107,0.883
0.012,0,0.093,0.894
0.013,0,0.093,0.893
0.006,0.001,0.129,0.864
0.003,0,0.176,0.821
0.004,0,0.134,0.862
0.005,0.001,0.109,0.886
0.006,0.001,0.101,0.893
0.007,0,0.096,0.898
0.007,0,0.094,0.898
0.009,0,0.089,0.902
0.011,0,0.084,0.904
0.015,0,0.08,0.904
0.001,0.001,0.292,0.707
0,0.003,0.493,0.504
0.001,0.001,0.398,0.6
0,0.001,0.388,0.611
0,0.001,0.302,0.696
0.001,0.001,0.215,0.784
0.001,0,0.171,0.827
0.001,0.001,0.14,0.857
0.001,0,0.122,0.876
0.001,0,0.126,0.873
0,0.001,0.498,0.501
0.001,0.004,0.663,0.332
0.002,0.01,0.551,0.437
0.007,0.026,0.539,0.428
0.016,0.028,0.403,0.552
0.029,0.031,0.296,0.644
0.038,0.063,0.246,0.653
0.061,0.018,0.184,0.738
0.082,0.003,0.144,0.771
0.109,0.001,0.117,0.774
0.139,0,0.102,0.758
0.172,0,0.094,0.733
0.131,0.001,0.112,0.755
0.172,0.001,0.098,0.73
0.202,0.001,0.094,0.703
0.261,0,0.089,0.65
0.287,0,0.095,0.618
0.342,0,0.094,0.564
0.277,0,0.121,0.602
0.293,0.001,0.115,0.591
0.343,0.001,0.105,0.551
0.281,0.002,0.125,0.592
0.325,0,0.113,0.561
0.316,0.001,0.117,0.566
0.252,0,0.14,0.608
0.322,0,0.113,0.564
0.262,0.001,0.132,0.605
0.13,0.004,0.189,0.676
0.163,0.004,0.147,0.686
0.165,0,0.137,0.697
0.052,0.002,0.223,0.722
0.052,0.004,0.189,0.755
0.073,0.002,0.141,0.784
0.086,0,0.122,0.792
0.102,0,0.109,0.788
0.12,0.001,0.101,0.779
0.107,0,0.11,0.783
0.104,0.001,0.11,0.786
0.125,0,0.101,0.774
0.063,0.001,0.139,0.797
0.008,0.004,0.301,0.687
0.009,0.007,0.245,0.738
0.006,0.001,0.25,0.743
0.009,0.001,0.179,0.811
0.012,0.001,0.139,0.848
0.011,0.002,0.13,0.857
0.012,0,0.119,0.869
0.015,0,0.102,0.883
0.02,0,0.091,0.889
0.026,0,0.085,0.889
0.022,0,0.098,0.88
0.03,0,0.088,0.882
0.027,0,0.097,0.875
0.037,0,0.087,0.875
0.021,0.001,0.112,0.865
0.028,0.001,0.097,0.874
0.02,0.002,0.112,0.866
0.027,0.001,0.096,0.876
0.032,0.001,0.091,0.876
0.002,0.003,0.324,0.671
0.003,0.007,0.282,0.708
0.005,0.006,0.204,0.785
0.008,0.006,0.155,0.831
0.012,0.003,0.12,0.865
0.013,0,0.111,0.875
0.011,0,0.12,0.869
0.013,0,0.105,0.881
0,0.002,0.694,0.303
0,0.002,0.793,0.205
0,0.003,0.855,0.142
0.002,0.009,0.793,0.196
0.005,0.01,0.648,0.338
0,0.003,0.868,0.13
0,0.002,0.767,0.231
0,0.002,0.727,0.271
0,0.002,0.604,0.393
0,0.002,0.457,0.541
0,0.001,0.335,0.663
0,0.001,0.288,0.71
0.001,0.001,0.216,0.783
0.001,0.002,0.229,0.768
0.001,0.002,0.166,0.831
0.002,0.001,0.129,0.868
0,0.001,0.303,0.695
0,0.001,0.238,0.761
0,0.001,0.201,0.798
0,0.001,0.152,0.847
0.001,0.002,0.153,0.844
0.002,0.007,0.217,0.774
0.002,0.001,0.185,0.813
0.002,0.001,0.146,0.85
0.003,0.003,0.138,0.857
0.003,0.006,0.15,0.84
0.005,0.019,0.25,0.727
0.01,0.013,0.181,0.796
0.015,0.011,0.14,0.834
0.018,0.021,0.132,0.83
0.025,0.005,0.109,0.861
0.031,0.001,0.099,0.869
0.041,0,0.09,0.869
0.051,0,0.086,0.862
0.068,0,0.082,0.85
0.09,0,0.08,0.83
0.112,0,0.081,0.807
0.126,0,0.086,0.787
0.163,0,0.084,0.753
0.185,0,0.087,0.728
0.13,0.001,0.11,0.759
0.172,0.001,0.096,0.731
0.224,0.001,0.09,0.685
0.226,0.001,0.097,0.676
0.188,0.002,0.112,0.698
0.247,0.001,0.099,0.653
0.108,0,0.161,0.731
0.103,0.001,0.146,0.75
0.127,0,0.122,0.751
0.131,0.001,0.115,0.752
0.089,0.002,0.135,0.774
0.102,0,0.119,0.778
0.057,0.002,0.149,0.792
0.077,0.001,0.119,0.804
0.086,0,0.11,0.804
0,0.002,0.64,0.357
0.001,0.004,0.509,0.485
0.003,0.008,0.394,0.595
0.001,0.007,0.765,0.227
0.002,0.004,0.624,0.371
0.004,0.01,0.557,0.43
0.007,0.026,0.574,0.393
0.009,0.003,0.484,0.504
0.004,0.009,0.539,0.448
0.001,0.002,0.672,0.326
0.001,0.007,0.688,0.304
0.003,0.016,0.739,0.242
0.009,0.012,0.589,0.39
0.016,0.012,0.444,0.528
0.014,0.001,0.395,0.589
0.021,0.001,0.284,0.694
0.024,0.002,0.226,0.748
0.032,0.001,0.169,0.798
0.003,0.003,0.374,0.62
0.001,0.001,0.426,0.572
0.002,0.003,0.33,0.666
0.003,0.009,0.361,0.628
0.006,0.024,0.424,0.546
0,0.002,0.71,0.288
0.001,0.007,0.622,0.369
0.002,0.002,0.531,0.465
0,0.002,0.686,0.312
0,0.002,0.661,0.337
0.001,0.005,0.786,0.208
0,0.003,0.888,0.11
0.001,0.006,0.762,0.231
0.003,0.007,0.615,0.376
0.006,0.019,0.558,0.417
0.001,0.002,0.652,0.345
0,0.002,0.725,0.272
0.001,0.005,0.582,0.412
0,0.002,0.728,0.27
0,0.003,0.575,0.421
0.002,0.007,0.463,0.528
0.004,0.003,0.336,0.657
0.005,0.006,0.272,0.717
0.008,0.004,0.196,0.792
0.011,0.005,0.152,0.832
0.013,0.001,0.13,0.857
0.009,0.002,0.142,0.847
0.003,0.001,0.209,0.787
0.004,0.001,0.166,0.83
0.002,0,0.178,0.819
0.002,0.001,0.161,0.835
0.001,0.004,0.264,0.73
0.002,0.002,0.192,0.804
0.003,0.001,0.153,0.844
0.002,0,0.163,0.835
0.001,0.001,0.198,0.801
0,0.002,0.724,0.274
0,0.003,0.572,0.425
0.002,0.008,0.621,0.369
0.006,0.022,0.599,0.373
0.013,0.014,0.453,0.521
0.015,0.037,0.436,0.512
0.028,0.018,0.316,0.637
0.044,0.007,0.226,0.723
0.029,0.001,0.235,0.735
0.033,0.002,0.188,0.778
0.045,0.001,0.142,0.812
0.061,0.001,0.114,0.824
0.037,0.002,0.137,0.823
0.018,0.006,0.176,0.8
0.025,0.002,0.137,0.837
0.023,0,0.133,0.844
0.03,0,0.11,0.86
0.016,0.001,0.14,0.843
0.011,0,0.151,0.837
0.015,0.001,0.122,0.863
0.016,0,0.111,0.872
0.022,0,0.095,0.882
0.018,0.001,0.106,0.875
0.022,0.001,0.096,0.881
0.027,0.001,0.089,0.883
0.032,0,0.089,0.879
0.04,0,0.086,0.874
0.052,0,0.082,0.866
0.042,0.001,0.096,0.861
0.009,0.001,0.199,0.791
0.012,0,0.151,0.836
0.006,0.001,0.186,0.807
0,0.003,0.833,0.164
0,0.005,0.871,0.124
0.002,0.012,0.826,0.159
0,0.004,0.9,0.097
0,0.003,0.827,0.171
0.001,0.007,0.827,0.165
0,0.003,0.814,0.184
0.001,0.006,0.684,0.308
0.004,0.017,0.682,0.298
0.004,0.002,0.593,0.4
0.005,0.007,0.505,0.483
0.003,0.002,0.498,0.498
0,0.003,0.908,0.089
0.002,0.009,0.843,0.146
0.001,0.006,0.884,0.109
0,0.003,0.816,0.181
0.001,0.003,0.674,0.322
0.002,0.003,0.518,0.477
0.004,0.003,0.377,0.616
0.006,0.002,0.269,0.723
0.008,0.003,0.211,0.778
0.008,0.001,0.176,0.815
0.012,0.001,0.133,0.855
0.016,0,0.108,0.876
0.012,0.001,0.117,0.869
0.017,0.001,0.099,0.884
0.015,0.001,0.105,0.879
0.014,0,0.106,0.88
0.019,0,0.092,0.888
0.001,0.001,0.386,0.612
0.001,0.004,0.412,0.583
0.003,0.008,0.331,0.658
0,0.002,0.508,0.49
0.001,0.003,0.374,0.622
0.002,0.004,0.288,0.705
0.004,0.013,0.305,0.679
0.006,0.003,0.225,0.767
0.008,0.003,0.171,0.817
0.004,0.001,0.195,0.8
0.006,0.001,0.145,0.848
0.001,0.002,0.319,0.678
0.002,0.004,0.255,0.739
0.002,0.01,0.473,0.515
0.007,0.018,0.374,0.602
0.014,0.044,0.349,0.593
0.029,0.034,0.25,0.687
0.028,0.089,0.323,0.559
0.004,0.002,0.546,0.449
0.005,0.004,0.443,0.547
0.006,0.01,0.375,0.609
0.006,0.024,0.518,0.451
0.004,0.002,0.496,0.498
0.002,0.006,0.564,0.428
0.005,0.015,0.485,0.496
0.006,0.002,0.385,0.606
0.004,0.007,0.413,0.576
0.007,0.006,0.295,0.692
0.011,0.004,0.209,0.776
0.016,0.003,0.156,0.824
0.019,0.004,0.132,0.845
0.019,0,0.123,0.857
0.011,0.002,0.149,0.839
0.007,0.005,0.171,0.818
0.003,0.001,0.222,0.775
0.003,0.001,0.184,0.812
0.005,0.001,0.138,0.857
0.005,0.002,0.13,0.864
0.003,0.006,0.192,0.799
0.004,0.015,0.355,0.626
0.008,0.011,0.253,0.729
0.013,0.008,0.183,0.795
0.001,0.001,0.456,0.542
0.001,0.004,0.378,0.617
0.003,0.007,0.295,0.695
0.005,0.007,0.216,0.772
0.009,0.004,0.159,0.828
0.012,0.002,0.123,0.862
0.012,0.004,0.118,0.866
0.015,0.005,0.106,0.874
0.018,0.007,0.099,0.876
0.012,0.019,0.14,0.83
0.019,0.029,0.123,0.83
0.017,0.001,0.127,0.855
0.02,0.001,0.11,0.869
0.021,0.002,0.104,0.872
0.008,0.007,0.162,0.823
0.012,0.007,0.129,0.852
0.014,0.011,0.12,0.855
0.004,0.001,0.206,0.789
0.005,0,0.156,0.839
0.007,0.001,0.121,0.871
0.009,0,0.103,0.887
0.005,0.001,0.129,0.864
0.004,0,0.134,0.861
0.003,0.001,0.137,0.859
0.004,0,0.121,0.875
0.002,0.001,0.15,0.847
0.003,0.001,0.119,0.878
0,0.001,0.275,0.724
0.001,0.002,0.218,0.78
0.001,0.001,0.169,0.83
0.001,0.001,0.14,0.858
0.001,0.003,0.141,0.855
0.001,0,0.157,0.842
0.001,0.001,0.124,0.874
0.002,0.001,0.108,0.889
0.002,0,0.108,0.89
0.002,0,0.098,0.9
0,0.001,0.298,0.701
0,0.001,0.322,0.677
0.001,0.003,0.336,0.66
0.001,0.002,0.237,0.759
0.002,0.001,0.187,0.811
0.002,0.001,0.141,0.856
0.002,0.003,0.178,0.818
0.002,0.001,0.136,0.861
0.003,0,0.114,0.882
0.002,0,0.127,0.871
0.001,0.001,0.186,0.812
0,0.003,0.748,0.249
0,0.002,0.77,0.228
0.001,0.008,0.753,0.238
0.003,0.004,0.613,0.381
0,0.004,0.84,0.155
0.001,0.003,0.709,0.287
0,0.002,0.774,0.223
0.001,0.004,0.626,0.369
0.001,0.002,0.525,0.472
0.001,0.005,0.645,0.349
0.001,0.002,0.557,0.44
0.001,0.001,0.439,0.558
0.002,0.002,0.322,0.673
0.002,0.001,0.274,0.723
0.003,0.001,0.204,0.792
0.004,0.001,0.164,0.832
0.005,0.001,0.128,0.866
0.001,0.001,0.253,0.745
0.001,0.001,0.188,0.81
0.001,0,0.154,0.844
0.002,0,0.121,0.876
0,0.001,0.234,0.765
0.001,0.003,0.302,0.695
0.002,0.008,0.436,0.554
0.004,0.008,0.318,0.669
0.002,0.001,0.359,0.638
0.003,0.001,0.257,0.739
0.004,0.001,0.187,0.808
0.004,0.001,0.155,0.84
0.006,0.001,0.12,0.873
0.008,0.001,0.101,0.889
0.004,0.003,0.142,0.851
0.001,0.001,0.211,0.787
0.001,0.002,0.244,0.753
0.001,0.001,0.181,0.817
0.002,0.001,0.143,0.854
0.003,0,0.117,0.88
0.002,0,0.13,0.868
0.002,0.001,0.112,0.886
0.003,0.001,0.097,0.9
0.004,0,0.087,0.909
0.006,0,0.082,0.913
0.007,0,0.079,0.914
0.002,0.001,0.149,0.848
0.002,0.002,0.14,0.856
0.003,0.003,0.121,0.873
0.003,0.009,0.161,0.827
0.007,0.019,0.156,0.818
0.01,0.004,0.124,0.861
0.008,0.012,0.152,0.828
0.003,0.001,0.219,0.778
0.004,0.001,0.169,0.827
0.005,0.001,0.131,0.863
0.007,0,0.106,0.886
0,0.001,0.428,0.571
0,0.001,0.304,0.694
0.001,0.001,0.217,0.781
0.001,0.004,0.218,0.776
0.001,0.001,0.249,0.749
0.001,0.001,0.184,0.815
0.001,0.001,0.14,0.858
0.001,0,0.128,0.871
0.002,0.001,0.112,0.885
0,0.003,0.83,0.167
0.001,0.006,0.703,0.29
0.002,0.002,0.575,0.421
0.003,0.002,0.425,0.57
0.004,0.005,0.346,0.644
0.003,0.001,0.333,0.663
0.004,0.001,0.237,0.757
0.006,0.001,0.172,0.821
0.004,0.001,0.191,0.805
0.005,0,0.147,0.848
0,0.001,0.382,0.617
0.001,0.002,0.289,0.708
0.001,0.001,0.215,0.783
0.001,0.002,0.17,0.827
0.002,0.004,0.187,0.807
0.003,0.002,0.14,0.855
0.002,0,0.156,0.842
0,0.001,0.258,0.74
0.001,0.001,0.186,0.813
0.001,0.001,0.139,0.859
0.002,0.001,0.111,0.887
0,0.002,0.279,0.719
0.001,0.004,0.217,0.778
0.001,0.001,0.214,0.785
0.001,0.001,0.189,0.809
0,0.001,0.31,0.689
0.001,0.003,0.375,0.621
0.001,0.001,0.272,0.725
0.002,0.001,0.194,0.803
0.002,0.001,0.146,0.851
0.003,0.001,0.133,0.863
0.004,0.001,0.107,0.888
0.002,0.003,0.171,0.824
0.001,0.001,0.231,0.768
0,0.002,0.557,0.441
0,0.003,0.414,0.583
0.001,0.002,0.294,0.703
0.001,0.001,0.265,0.734
0.001,0.001,0.196,0.802
0.001,0,0.149,0.849
0.001,0.001,0.197,0.802
0.001,0.001,0.148,0.851
0.001,0.001,0.127,0.871
0.001,0,0.129,0.869
0.001,0,0.12,0.879
0.001,0,0.1,0.898
0.001,0,0.098,0.9
0,0.001,0.321,0.678
0.001,0.003,0.319,0.677
0.002,0.008,0.293,0.697
0.005,0.018,0.26,0.717
0.008,0.003,0.195,0.794
0.002,0.001,0.262,0.735
0.001,0.003,0.28,0.716
0.002,0.001,0.215,0.782
0.001,0.003,0.364,0.632
0.001,0.001,0.269,0.729
0.001,0.002,0.198,0.799
0,0.001,0.272,0.727
0.001,0.001,0.194,0.805
0.001,0.001,0.149,0.849
0.001,0.001,0.119,0.879
0.001,0,0.112,0.886
0.002,0,0.102,0.896
0.002,0,0.098,0.9
0.003,0,0.089,0.908
0.002,0.001,0.095,0.902
0.003,0.001,0.089,0.907
0.003,0.002,0.098,0.897
0.002,0.006,0.129,0.863
0.001,0,0.159,0.84
0,0.002,0.236,0.762
0.001,0.001,0.17,0.828
0.001,0,0.139,0.86
0.001,0,0.13,0.868
0.001,0,0.109,0.889
0.002,0,0.094,0.904
0.002,0,0.094,0.904
0.003,0,0.087,0.91
0.003,0,0.083,0.913
0.003,0.001,0.098,0.899
0.001,0,0.141,0.858
0.001,0,0.112,0.886
0.002,0,0.1,0.898
0.001,0.001,0.109,0.889
0.001,0.003,0.205,0.791
0,0.002,0.538,0.461
0,0.004,0.414,0.582
0,0.001,0.344,0.654
0,0.002,0.492,0.506
0.001,0.005,0.457,0.538
0.001,0.003,0.327,0.668
0.002,0.008,0.292,0.697
0.005,0.017,0.25,0.728
0.009,0.01,0.18,0.801
0.005,0.001,0.189,0.805
0.006,0.001,0.155,0.837
0.008,0,0.125,0.866
0.001,0.002,0.245,0.752
0.002,0.004,0.206,0.788
0.003,0.002,0.151,0.843
0.004,0.001,0.12,0.875
0.005,0.001,0.106,0.888
0.008,0.001,0.092,0.9
0.003,0.002,0.145,0.85
0.002,0.006,0.207,0.785
0.002,0.014,0.438,0.546
0.002,0.002,0.36,0.636
0,0.001,0.478,0.521
0,0.002,0.6,0.398
0,0.003,0.795,0.202
0.001,0.007,0.684,0.308
0.003,0.017,0.584,0.395
0.008,0.011,0.436,0.545
0,0.002,0.758,0.239
0,0.002,0.613,0.384
0.001,0.005,0.482,0.512
0.002,0.013,0.437,0.547
0.005,0.005,0.316,0.674
0.007,0.002,0.229,0.762
0.002,0.005,0.33,0.663
0,0.001,0.421,0.577
0,0.003,0.904,0.093
0.001,0.008,0.789,0.202
0,0.003,0.883,0.114
0,0.003,0.886,0.111
0,0.003,0.762,0.235
0,0.002,0.7,0.298
0,0.002,0.549,0.449
0.001,0.003,0.409,0.587
0.001,0.002,0.296,0.701
0,0.003,0.868,0.129
0,0.004,0.732,0.263
0,0.003,0.906,0.092
0,0.003,0.783,0.213
0.001,0.005,0.637,0.357
0,0.003,0.904,0.093
0,0.005,0.886,0.109
0,0.003,0.899,0.098
0.001,0.008,0.851,0.14
0,0.004,0.893,0.103
0.001,0.009,0.859,0.131
0.003,0.021,0.806,0.17
0.001,0.003,0.799,0.198
0.002,0.005,0.661,0.331
0.002,0.012,0.727,0.259
0.002,0.003,0.624,0.371
0.003,0.006,0.51,0.48
0.001,0.002,0.517,0.48
0.002,0.001,0.393,0.603
0.001,0.005,0.465,0.529
0.003,0.009,0.364,0.625
0.005,0.013,0.277,0.705
0.006,0.002,0.22,0.773
0.002,0.005,0.318,0.674
0.001,0.001,0.338,0.66
0,0.003,0.588,0.408
0.001,0.009,0.667,0.322
0.003,0.006,0.512,0.478
0,0.003,0.895,0.103
0.001,0.009,0.808,0.182
0.003,0.005,0.668,0.324
0.004,0.002,0.544,0.45
0.001,0.006,0.643,0.349
0.003,0.005,0.489,0.504
0.001,0.002,0.543,0.455
0.001,0.001,0.432,0.565
0.002,0.002,0.308,0.689
0.002,0.004,0.274,0.719
0.002,0.001,0.244,0.754
0.001,0.001,0.245,0.753
0,0.003,0.368,0.629
0,0.001,0.394,0.605
0,0.001,0.282,0.717
0,0.004,0.443,0.553
0,0.002,0.778,0.22
0.001,0.008,0.721,0.27
0.001,0.002,0.665,0.332
0,0.002,0.699,0.299
0,0.002,0.597,0.401
0.001,0.004,0.46,0.535
0,0.001,0.415,0.583
0.001,0.001,0.31,0.689
0,0.001,0.292,0.706
0,0.001,0.403,0.596
0,0.003,0.313,0.684
0.001,0.001,0.241,0.758
0.001,0.001,0.18,0.817
0.001,0.002,0.14,0.857
0.002,0,0.119,0.879
0.002,0,0.113,0.885
0.002,0.001,0.101,0.897
0.002,0.001,0.101,0.896
0.003,0,0.09,0.906
0,0,0.179,0.82
0,0.002,0.188,0.81
0.001,0.002,0.152,0.844
0.001,0.001,0.118,0.879
0,0.001,0.377,0.622
0,0.003,0.299,0.698
0.001,0.002,0.214,0.783
0,0.001,0.239,0.76
0.001,0.001,0.181,0.818
0.001,0.001,0.157,0.841
0,0,0.159,0.841
0.001,0,0.122,0.877
0.001,0.001,0.114,0.884
0.001,0.001,0.096,0.902
0.002,0.001,0.087,0.91
0.001,0.002,0.105,0.891
0.002,0.003,0.102,0.893
0.003,0.001,0.091,0.906
0.001,0,0.16,0.839
0,0.001,0.373,0.626
0,0.001,0.263,0.736
0,0.003,0.594,0.402
0.001,0.007,0.736,0.256
0.002,0.007,0.584,0.406
0.005,0.014,0.468,0.513
0.007,0.036,0.504,0.453
0.003,0.018,0.804,0.175
0.006,0.008,0.669,0.316
0.012,0.006,0.514,0.468
0.011,0.001,0.443,0.544
0.015,0.003,0.337,0.645
0.018,0.001,0.259,0.722
0.027,0.001,0.188,0.785
0.039,0.001,0.141,0.819
0.053,0,0.115,0.832
0.045,0,0.118,0.837
0.009,0.001,0.202,0.788
0.013,0.001,0.151,0.835
0.011,0,0.146,0.843
0.015,0.001,0.116,0.868
0.017,0.001,0.107,0.875
0.024,0,0.093,0.883
0.032,0,0.086,0.882
0.037,0,0.086,0.876
0.05,0,0.082,0.867
0.072,0,0.079,0.849
0.096,0,0.079,0.825
0.136,0,0.077,0.786
0.181,0,0.079,0.739
0.182,0,0.088,0.729
0.162,0,0.099,0.738
0.234,0,0.089,0.677
0.176,0.001,0.107,0.716
0.248,0,0.093,0.658
0.279,0,0.095,0.626
0.04,0.001,0.226,0.734
0.044,0.001,0.18,0.774
0.047,0.002,0.152,0.799
0.037,0,0.15,0.812
0.051,0,0.12,0.829
0.04,0.001,0.124,0.835
0.039,0.002,0.117,0.842
0.056,0.001,0.098,0.844
0.055,0.002,0.1,0.843
0.074,0.001,0.091,0.835
0.103,0,0.084,0.812
0.035,0.002,0.134,0.829
0,0.003,0.896,0.101
0,0.003,0.802,0.195
0.001,0.009,0.727,0.263
0.002,0.004,0.583,0.41
0.002,0.002,0.524,0.473
0.003,0.003,0.391,0.603
0.003,0.008,0.369,0.62
0.005,0.022,0.382,0.591
0.01,0.015,0.272,0.702
0.007,0.001,0.263,0.729
0.007,0.001,0.218,0.774
0.009,0.001,0.171,0.819
0.011,0,0.138,0.85
0.014,0.001,0.116,0.87
0.003,0.003,0.2,0.795
0.003,0.001,0.17,0.826
0.004,0.001,0.136,0.859
0.006,0.001,0.109,0.884
0.003,0,0.135,0.861
0.005,0,0.109,0.886
0.004,0,0.109,0.886
0.006,0,0.094,0.899
0.008,0,0.087,0.904
0.007,0.001,0.096,0.896
0.009,0.001,0.089,0.901
0.008,0,0.099,0.893
0.002,0.001,0.157,0.84
0.003,0.001,0.121,0.874
0.004,0,0.112,0.884
0.005,0,0.096,0.899
0.005,0,0.099,0.896
0.007,0,0.088,0.905
0.006,0,0.098,0.896
0.007,0,0.09,0.903
0.007,0,0.097,0.897
0.005,0,0.106,0.888
0.002,0,0.165,0.833
0.002,0.001,0.134,0.863
0.002,0.002,0.13,0.866
0.002,0,0.134,0.864
0.002,0.001,0.11,0.887
0.003,0,0.094,0.903
0.002,0.001,0.124,0.873
0,0.001,0.257,0.742
0,0.002,0.202,0.796
0.001,0.002,0.151,0.846
0.001,0.003,0.136,0.86
0.002,0.002,0.109,0.887
0.003,0.002,0.096,0.9
0.002,0,0.115,0.883
0.003,0,0.096,0.901
0.004,0,0.086,0.91
0.003,0.001,0.097,0.899
0.003,0,0.096,0.9
0.003,0.001,0.107,0.89
0.003,0,0.093,0.903
0.002,0.001,0.115,0.882
0.003,0,0.104,0.894
0.004,0,0.091,0.905
0.001,0,0.139,0.86
0.001,0.002,0.205,0.793
0.001,0.004,0.213,0.782
0.001,0.001,0.18,0.818
0.001,0,0.156,0.843
0.001,0.001,0.142,0.856
0.001,0,0.132,0.867
0.001,0,0.108,0.89
0.001,0,0.128,0.871
0.001,0,0.107,0.891
0.002,0,0.092,0.906
0.001,0,0.104,0.895
0.002,0,0.097,0.901
0,0,0.159,0.84
0.001,0.001,0.145,0.853
0.001,0,0.13,0.869
0,0.001,0.143,0.856
0.001,0.001,0.113,0.886
0.001,0,0.101,0.898
0.001,0.001,0.097,0.902
0.002,0.001,0.087,0.911
0.002,0.001,0.095,0.902
0.002,0,0.098,0.9
0.002,0,0.09,0.908
0.002,0,0.095,0.903
0.003,0,0.086,0.911
0.003,0,0.083,0.914
0.004,0,0.079,0.916
0.001,0,0.168,0.831
0.001,0,0.136,0.863
0,0.001,0.239,0.76
0,0.001,0.272,0.727
0,0.001,0.204,0.795
0,0.001,0.257,0.742
0,0.001,0.186,0.813
0,0.001,0.15,0.848
0,0.001,0.196,0.803
0,0,0.166,0.833
0,0.001,0.144,0.854
0,0,0.118,0.882
0,0,0.182,0.817
0,0.001,0.299,0.7
0,0.001,0.211,0.788
0,0.003,0.235,0.761
0,0.001,0.307,0.692
0,0.001,0.246,0.753
0,0.003,0.274,0.723
0.001,0.003,0.2,0.796
0.002,0.001,0.147,0.85
0.002,0.001,0.117,0.88
0.003,0,0.098,0.898
0.002,0.001,0.12,0.877
0.003,0.001,0.1,0.896
0.004,0,0.088,0.907
0.006,0,0.083,0.911
0.003,0.001,0.111,0.885
0.002,0,0.116,0.881
0.003,0,0.1,0.897
0.003,0,0.104,0.893
0.004,0,0.093,0.903
0.003,0.001,0.103,0.893
0.004,0.001,0.095,0.9
0.004,0,0.093,0.902
0.006,0,0.086,0.908
0.008,0,0.081,0.911
0.001,0,0.173,0.825
0.001,0.002,0.19,0.807
0.001,0.001,0.141,0.856
0.002,0.001,0.116,0.881
0.003,0.001,0.098,0.898
0,0.001,0.3,0.699
0,0.003,0.304,0.693
0.001,0.007,0.566,0.426
0.002,0.002,0.434,0.561
0,0.002,0.562,0.436
0.001,0.002,0.415,0.582
0.001,0.002,0.297,0.7
0.002,0.001,0.21,0.787
0.002,0.001,0.158,0.839
0.003,0.001,0.138,0.858
0.004,0.001,0.111,0.884
0.004,0.002,0.112,0.883
0.005,0.001,0.098,0.896
